accuracy_P=0.5915492957746479
accuracy_I=0.7323943661971831
mae_P=0.49295774647887325
mae_I=0.43661971830985913
n_test=71
