accuracy_P=0.7833333333333333
accuracy_I=0.6833333333333333
mae_P=0.26666666666666666
mae_I=0.35
n_test=60
